0 4421
0 11818
0 9373
0 10273
0 22737
0 15466
0 6040
0 15716
2
0 12228
2
0 22680
2
5
1
1
2
4
0 22680
0 21976
2
5
1
1
2
5
0 21976
2
5
2
4
0 3197
2
3
2
0 3612
2
0 5329
2
5
2
0 10214
2
3
1
1
1
0 18745
1
1
0 18745
2
0 20238
0 2168
1
1
1
1
2
0 22347
2
5
2
5
2
5
0 16826
1
1
2
3
2
5
2
3
2
4
0 16826
0 21554
0 10232
2
0 2489
1
1
2
4
0 17896
2
0 15855
1
1
2
4
0 15855
2
4
0 4901
2
0 13784
2
3
1
2
4
0 14771
2
0 7068
2
4
0 23630
2
0 20687
2
5
2
5
2
3
1
0 22124
2
5
1
1
0 22124
2
0 1867
1
1
2
3
1
0 5073
2
4
0 6768
0 14227
0 8062
2
3
1
2
4
0 14969
2
0 11648
2
3
1
2
5
0 20268
2
5
1
1
0 20268
0 15435
2
3
1
0 7101
1
1
2
0 11262
2
0 19379
2
4
0 11778
2
0 15042
2
0 6667
2
4
0 22123
1
1
2
3
1
2
4
0 22123
2
5
0 9817
1
1
1
1
2
4
0 17014
2
4
0 3573
2
3
1
0 18180
1
1
1
1
2
5
2
3
1
2
4
0 18180
0 16873
2
4
0 3244
1
1
1
1
2
3
1
0 11939
2
4
0 14298
1
1
0 14298
1
1
2
0 14298
2
4
0 3592
2
0 13084
0 10621
2
0 22574
1
1
2
5
2
5
2
5
2
3
1
1
1
0 22574
2
3
1
2
4
0 22574
1
1
2
0 22574
2
0 847
1
1
0 18422
1
1
2
4
0 18422
2
3
2
4
0 4526
2
4
0 11287
2
4
0 24153
1
1
2
5
2
3
1
2
3
2
5
2
0 24153
2
4
0 2819
2
0 9365
0 19228
1
1
2
0 19228
2
5
1
1
2
4
0 19228
2
3
1
2
3
1
0 19228
2
0 18638
0 10232
2
3
1
2
3
1
2
5
2
0 18232
2
3
1
1
1
2
5
2
4
0 18232
0 14070
0 14336
2
4
0 15096
2
4
0 16728
2
5
2
3
1
0 5876
0 16088
2
5
2
5
2
5
1
1
2
0 16088
1
1
0 16088
1
1
1
1
2
3
2
0 16088
2
4
0 14027
2
0 20853
2
4
0 9887
2
5
2
5
2
5
1
1
2
5
1
1
2
3
2
4
0 9887
0 14219
1
1
1
1
2
4
0 14219
2
4
0 13200
1
1
2
4
0 13200
0 9956
2
0 11142
2
5
2
3
2
0 8832
1
1
2
0 3538
2
3
0 12545
2
4
0 14501
2
5
2
3
1
0 14501
2
5
2
4
0 14431
0 17157
1
1
2
3
1
1
1
0 17157
1
1
2
3
2
5
2
0 17157
2
4
0 14124
2
0 4561
2
3
1
1
1
2
3
2
3
1
1
2
4
0 4561
0 22011
1
1
2
3
2
4
0 22011
2
0 9284
2
3
2
5
2
5
2
4
0 5722
2
5
2
3
2
0 21342
2
4
0 9848
1
1
0 6022
2
3
0 345
2
4
0 3278
2
5
2
5
2
5
0 12359
2
0 10
2
3
1
2
4
0 6893
2
4
0 1634
1
1
2
0 978
2
4
0 4738
0 6044
0 20268
2
5
0 24046
0 7316
0 19627
1
1
0 10540
1
1
1
1
2
0 10540
2
0 1967
2
3
1
2
0 3965
2
5
0 12718
2
4
0 6438
2
5
2
3
1
2
4
0 20083
1
1
0 20083
2
4
0 13527
2
3
1
0 4002
2
0 22439
2
4
0 17340
1
1
2
5
2
4
0 17340
2
3
1
1
1
2
3
1
2
5
2
4
0 17340
1
1
2
4
0 17340
2
4
0 12125
2
0 1449
1
1
0 137
2
3
1
2
4
0 4360
1
1
0 4360
2
3
1
2
0 4360
2
4
0 13461
0 5348
2
0 9271
2
3
1
2
0 5378
0 7727
1
1
1
1
2
4
0 7727
1
1
2
5
2
3
1
2
5
2
0 7727
2
3
1
2
0 7727
0 13920
0 21091
2
5
2
5
2
3
1
0 21091
2
3
1
2
4
0 21091
1
1
2
0 21091
0 8072
2
5
1
1
1
1
0 8072
2
3
1
2
0 8072
0 2485
1
1
1
1
2
0 13169
2
3
1
2
0 13169
0 14070
2
4
0 13428
1
1
2
3
1
2
4
0 13428
2
0 17979
2
0 20107
2
4
0 8710
1
1
2
5
2
0 9327
2
3
1
2
0 18849
2
4
0 23340
2
0 5990
2
4
0 22352
2
5
2
3
1
2
3
1
2
3
1
2
3
1
2
0 22352
2
4
0 14301
2
3
1
1
1
2
4
0 14301
2
4
0 4514
0 21873
2
5
1
1
2
3
1
0 21873
2
3
1
2
3
1
2
4
0 21873
2
5
1
1
2
4
0 21873
1
1
2
5
2
0 21873
2
0 5214
2
3
1
2
0 6123
0 2384
2
4
0 11176
2
4
0 2383
0 22850
2
4
0 16592
2
3
1
2
3
1
2
5
2
3
1
2
4
0 16592
2
3
1
2
5
1
1
2
5
1
1
2
4
0 16592
2
4
0 12913
2
0 678
2
4
0 10966
2
4
0 2924
2
0 23986
2
0 13689
0 7696
2
5
2
5
2
4
0 21119
2
5
2
3
1
1
1
2
4
0 21119
2
4
0 770
2
0 8967
1
1
2
5
0 23259
2
0 237
2
0 466
1
1
0 22585
2
4
0 11142
2
4
0 3626
1
1
1
1
2
4
0 7518
2
0 5764
2
3
1
2
5
2
5
2
0 19471
0 16850
2
3
1
0 11833
2
3
1
1
1
2
4
0 11833
2
5
0 14135
2
0 10841
2
3
1
0 2549
1
1
2
3
1
2
0 16342
2
5
2
0 16273
2
0 5809
2
0 5208
2
4
0 18436
2
0 18441
2
4
0 11413
2
5
1
2
5
1
1
1
0 17056
2
5
2
5
2
5
2
4
0 11232
2
5
1
2
3
1
1
1
2
0 11232
1
1
2
0 11232
1
1
2
5
2
0 11232
2
3
1
1
1
1
1
2
5
2
0 11232
2
5
2
4
0 14422
2
0 7231
2
3
1
2
4
0 11311
2
3
1
2
0 11311
0 535
2
0 19730
0 21415
2
4
0 2147
1
1
1
1
2
3
1
2
3
1
2
5
1
1
2
4
0 2147
0 8186
2
5
2
3
1
2
5
0 8186
1
1
1
1
2
5
2
5
1
1
1
1
2
0 8186
2
5
0 3790
2
4
0 7533
2
5
2
5
2
4
0 4419
2
3
0 14210
0 17468
0 13686
0 5471
0 17256
1
1
0 17256
2
3
1
2
3
1
2
4
0 17256
2
5
2
3
1
2
5
2
4
0 17256
2
4
0 3553
2
3
1
0 6260
0 8781
2
4
0 12994
2
3
1
2
0 2275
2
3
1
0 12222
2
5
0 457
2
5
1
1
2
5
1
1
2
5
2
0 7577
1
1
2
3
0 7577
1
1
2
5
0 7577
2
4
0 3669
0 10547
2
4
0 20180
0 19171
2
3
1
2
3
1
2
0 19171
1
1
1
1
1
1
2
5
1
2
4
0 19171
2
0 24085
2
0 11093
0 19337
1
1
0 19337
2
0 8084
0 6350
0 6778
1
1
2
4
0 8204
1
1
2
0 8204
0 12756
2
4
0 21336
2
4
0 880
2
5
2
5
1
1
2
4
0 222
2
0 5329
1
1
0 6409
1
1
2
5
0 6409
2
5
0 9921
2
0 4250
2
0 3577
1
1
2
3
1
0 13830
2
0 8555
1
1
1
1
2
4
0 8555
0 1215
1
1
2
3
1
1
2
5
2
0 1215
2
3
2
0 11089
1
1
1
2
3
0 11089
1
2
4
0 11089
2
5
2
3
1
2
4
0 11089
2
4
0 14904
2
0 20976
2
3
2
3
2
5
0 20963
2
4
0 1351
1
1
2
3
2
4
0 17075
2
0 2617
2
3
1
0 19453
1
1
0 19453
2
4
0 20893
2
3
1
2
3
2
3
0 20893
0 14273
2
4
0 12748
0 11522
0 207
2
0 22924
2
5
2
3
1
2
5
2
5
0 22924
2
0 3938
1
1
1
1
2
3
1
2
0 23703
1
1
2
4
0 23703
2
3
1
2
5
2
4
0 23703
2
3
1
1
1
2
0 23703
2
3
2
3
1
1
0 23703
0 20945
2
5
2
3
0 11336
0 18582
2
4
0 6390
2
3
1
0 9110
2
3
1
2
0 10661
2
3
1
2
4
0 19745
2
0 11112
2
0 16140
0 21415
1
1
2
3
1
2
4
0 21415
1
1
1
1
1
1
0 21415
0 20736
1
1
1
1
2
5
2
0 20736
2
4
0 23787
2
0 6686
1
1
2
5
0 17282
2
5
2
5
2
3
1
1
2
0 17282
1
2
0 17282
2
4
0 2878
2
0 16959
2
3
0 1891
1
1
2
0 19405
2
4
0 4063
2
4
0 8059
1
1
2
0 8059
2
0 9077
2
5
2
3
1
1
1
1
1
2
5
2
3
2
0 9077
1
1
2
0 9077
1
1
2
5
2
0 9077
2
5
2
4
0 16995
2
3
1
2
3
0 16995
2
3
1
1
2
4
0 16995
2
3
2
3
2
5
2
5
2
4
0 15330
2
4
0 12197
1
2
4
0 11603
2
5
2
4
0 6688
2
0 768
2
5
1
1
2
0 7450
0 13643
1
1
2
5
1
2
5
0 13643
1
2
3
2
5
2
4
0 13643
1
2
3
2
0 13643
0 8718
2
3
2
5
2
4
0 20284
2
5
2
5
1
1
2
3
2
3
1
0 20284
2
0 10140
0 10076
2
5
2
3
2
3
2
3
2
0 18597
1
1
2
5
2
5
2
0 18597
2
4
0 21947
2
3
2
5
2
5
2
0 23737
2
3
1
2
3
1
1
2
5
2
4
0 23737
2
5
0 21809
2
5
0 13594
2
3
1
1
1
2
5
0 13594
2
5
1
1
1
2
3
2
0 13594
2
4
0 304
2
4
0 4300
0 24128
0 15256
2
5
2
0 11649
2
5
0 15852
1
1
2
0 15852
0 4161
2
5
2
5
0 5634
2
0 8550
2
0 23977
2
4
0 17319
1
1
2
4
0 17319
2
4
0 4282
0 15771
2
0 9960
2
3
1
2
5
1
1
2
5
1
1
2
5
2
0 18026
1
1
0 18026
2
4
0 13921
2
3
1
1
1
0 13921
0 1690
0 17837
2
0 14456
2
5
2
4
0 12585
1
1
2
3
1
2
0 5379
2
5
2
0 18474
2
0 1382
2
4
0 19762
2
4
0 19189
1
1
2
4
0 19189
2
4
0 23007
1
1
1
1
1
1
1
1
0 23007
2
4
0 11697
2
3
1
2
5
2
5
2
5
2
0 11785
0 14858
2
0 13613
1
1
2
0 13613
2
0 13717
2
4
0 3053
2
0 17381
2
0 17068
2
3
1
1
1
2
0 17068
2
4
0 21803
2
3
1
2
3
1
1
1
2
0 21803
2
5
0 3539
2
5
2
0 7063
2
0 9403
2
4
0 21037
2
0 21938
0 9499
2
4
0 16031
2
5
1
2
5
0 4435
2
5
1
2
3
1
2
4
0 18368
1
1
2
3
1
0 18368
2
4
0 2125
2
0 6444
2
3
1
0 16055
2
4
0 4957
2
5
1
2
4
0 2078
2
3
1
2
3
1
2
4
0 4288
2
0 14619
2
0 3304
2
0 544
2
4
0 12990
1
1
2
4
0 12990
1
1
2
5
1
2
4
0 12990
1
1
2
5
2
0 12990
2
3
1
2
4
0 12990
2
0 3050
1
1
2
0 16009
2
4
0 5916
0 14959
2
4
0 7632
1
1
1
1
2
5
2
0 7632
2
5
2
3
1
2
5
2
3
1
1
1
1
1
2
5
0 7632
1
1
0 7632
2
0 2262
1
1
2
5
2
0 10360
2
0 19319
2
3
1
2
4
0 19319
0 3657
2
3
1
2
4
0 18384
0 18542
2
5
2
3
1
2
0 18542
0 20185
2
4
0 5970
2
3
1
2
3
1
1
1
1
1
1
1
2
3
1
2
3
2
4
0 5970
2
4
0 6022
2
0 23683
2
5
0 13806
2
5
1
1
2
3
1
0 13806
2
0 9831
2
3
1
2
0 4919
2
0 19143
1
1
2
3
1
2
4
0 19143
2
0 21605
0 14907
2
5
2
5
2
5
0 12992
2
5
2
3
1
2
5
1
1
2
0 9421
2
0 13768
1
1
2
5
0 13768
2
3
1
2
4
0 13768
1
1
0 13768
2
0 1918
2
5
2
0 20116
2
0 775
2
5
2
4
0 14600
2
4
0 3708
2
0 13631
2
5
2
3
1
0 9068
2
5
2
3
1
2
4
0 15386
2
4
0 20621
2
5
2
4
0 1952
2
0 4789
2
3
1
2
4
0 18574
0 3837
2
0 4247
1
1
0 23710
2
3
1
2
5
1
1
1
2
3
1
2
3
1
1
1
2
3
1
2
4
0 23710
2
5
2
3
1
0 23710
2
3
1
2
0 23710
0 4503
2
3
1
0 16911
2
5
2
0 15015
2
0 9172
2
3
1
2
4
0 269
0 18992
2
5
2
4
0 11833
2
5
2
5
0 14993
1
1
2
5
2
3
1
0 14993
2
4
0 23360
2
4
0 606
2
4
0 20525
2
5
1
2
4
0 13625
2
3
1
2
5
2
0 12687
2
3
1
2
3
1
2
3
1
2
0 12687
2
5
2
0 6627
0 16895
0 19477
2
5
1
1
1
1
1
2
0 19477
2
0 11627
2
5
2
3
1
2
4
0 10404
2
0 20941
2
4
0 1885
2
3
1
2
5
2
4
0 244
0 13675
1
1
2
4
0 13675
1
1
2
5
0 13675
2
5
2
3
1
2
3
1
2
3
1
2
3
1
2
0 13675
2
4
0 15654
1
1
0 15654
2
0 16723
1
1
2
5
0 16723
2
5
2
3
1
2
4
0 16723
2
0 669
2
4
0 15743
0 18293
1
1
2
3
1
2
5
2
3
1
2
5
0 18293
2
5
2
0 14741
0 18016
0 1734
2
5
2
0 3588
2
0 15918
2
3
1
2
5
1
2
4
0 15763
2
3
1
1
1
2
5
2
5
2
4
0 15763
2
4
0 4218
0 20839
2
5
1
1
1
2
4
0 20839
1
1
0 20839
0 19942
2
3
1
2
4
0 21621
2
4
0 6609
0 7749
0 2438
0 9537
1
1
1
1
0 9537
1
1
2
0 9537
2
5
2
5
2
0 1054
0 17955
1
1
2
5
0 17955
2
4
0 13498
0 23230
2
0 22274
0 12536
1
1
2
0 21017
2
4
0 8336
1
1
2
3
1
2
5
1
2
0 4097
0 24160
1
1
0 24160
2
4
0 23205
1
1
0 23205
2
5
1
1
1
2
5
2
3
1
2
5
1
1
2
0 23205
2
5
2
3
1
2
3
1
2
0 23205
2
3
1
1
1
1
1
0 23205
2
3
1
1
1
1
1
2
5
2
3
2
0 23205
2
0 10396
2
3
0 10771
2
4
0 12674
2
5
2
0 15836
2
0 1073
1
1
1
1
2
5
2
3
2
3
2
0 7376
2
3
2
5
2
3
2
4
0 12397
2
3
2
5
2
3
2
4
0 21741
2
4
0 20992
2
4
0 9018
2
3
1
2
0 14281
2
0 14108
2
5
2
3
1
1
1
2
0 14108
2
0 6327
0 7055
2
0 15456
1
1
2
3
1
2
0 15456
2
3
1
0 15456
2
5
2
5
2
4
0 2225
2
5
1
1
2
0 14794
1
1
2
0 14794
1
1
0 14794
2
0 24004
2
4
0 1425
2
5
2
5
1
1
2
0 5384
2
5
2
4
0 10164
2
3
1
1
1
2
3
0 10164
2
3
1
2
0 10164
1
1
2
0 10164
2
4
0 20504
1
1
2
4
0 20504
2
5
2
0 14677
2
0 10022
2
3
1
2
3
1
1
1
0 10022
2
5
2
0 5502
0 2704
1
1
2
5
2
0 1943
2
5
0 14759
2
0 21701
2
5
2
3
1
2
3
1
2
4
0 21701
2
0 3309
2
4
0 22074
2
3
1
2
5
2
3
1
2
3
1
1
1
2
3
2
5
2
0 22074
2
3
1
1
2
0 22074
2
0 860
2
0 23904
2
3
2
4
0 11052
2
5
1
1
2
0 5572
2
0 15827
2
3
1
0 15827
2
0 2229
2
3
1
1
1
2
4
0 7568
2
0 9907
2
4
0 12668
1
1
2
3
2
4
0 12668
2
0 17454
2
5
2
5
2
5
2
5
2
4
0 8472
2
3
1
0 4665
0 22646
1
1
2
0 22646
2
5
2
5
2
3
1
2
5
2
5
2
4
0 22646
0 10374
1
1
0 10374
2
5
2
3
1
0 10374
2
0 12908
0 177
2
3
1
2
5
2
0 21741
2
5
0 18049
2
3
1
2
5
2
3
1
1
1
1
1
2
3
2
3
2
5
1
1
2
0 18049
1
1
1
2
5
2
5
2
4
0 18049
1
2
0 18049
2
4
0 3637
2
0 8779
0 12848
2
5
0 5228
2
5
0 1430
1
1
2
0 3341
2
3
1
0 17565
2
4
0 11118
1
1
2
5
0 11118
1
1
2
5
2
0 11118
2
4
0 17391
1
1
2
0 17391
2
5
2
0 10179
2
5
2
3
1
2
4
0 24136
2
5
2
0 597
2
3
1
2
5
2
3
1
1
1
2
4
0 16789
0 22805
2
5
2
4
0 4821
2
5
2
0 3336
0 2329
0 19354
2
4
0 23486
2
5
2
0 23133
0 21505
2
5
2
0 9973
2
4
0 3907
2
0 4811
1
1
0 15821
2
5
2
3
1
2
5
2
3
1
1
1
2
5
1
1
2
0 15821
2
5
2
4
0 13676
2
0 20763
2
3
1
2
5
1
1
1
1
0 20763
2
4
0 20743
2
3
1
1
1
2
0 20743
2
5
1
1
2
4
0 20743
2
5
2
5
2
5
2
3
2
4
0 10948
0 4365
2
4
0 2457
0 1595
2
0 17215
1
1
2
3
1
2
5
2
3
1
2
0 17215
0 19960
2
3
1
2
4
0 19960
2
3
1
2
3
1
1
1
2
4
0 19960
0 19345
1
1
2
3
1
1
2
4
0 19345
2
4
0 2976
2
4
0 3164
2
4
0 8077
0 16201
2
5
2
0 12507
1
1
1
1
0 12507
2
5
2
3
2
3
2
5
2
4
0 13306
1
1
2
3
2
3
2
5
1
1
2
3
2
5
0 13306
2
5
2
5
2
5
2
5
2
3
0 12323
1
1
0 12323
2
0 14616
2
4
0 488
2
4
0 10060
2
3
1
0 21007
1
1
2
3
0 21007
2
5
2
3
2
3
2
0 7143
1
1
2
4
0 22524
2
4
0 9414
2
5
2
4
0 3736
2
4
0 17602
1
1
2
3
1
2
4
0 17602
0 10769
2
4
0 19177
1
1
0 19177
2
4
0 7258
1
1
2
4
0 18607
2
4
0 8996
2
0 12999
2
3
1
2
0 435
2
3
1
2
0 770
0 8782
2
0 16135
2
5
2
3
1
2
4
0 16135
2
5
1
1
2
4
0 16135
2
3
1
2
0 16135
2
3
1
2
4
0 16135
1
1
1
1
2
0 16135
2
5
2
3
1
2
3
1
2
5
0 16135
2
5
0 1047
2
3
1
0 3012
1
1
2
3
2
5
0 3012
0 22137
2
0 15034
2
4
0 9258
2
5
2
4
0 1565
2
3
1
2
4
0 2226
2
0 12720
2
4
0 13187
0 21595
0 2411
2
5
2
3
1
1
1
2
4
0 11982
2
3
1
2
5
0 17280
2
3
1
2
4
0 17280
1
1
0 17280
1
1
2
0 17280
1
1
2
4
0 17280
2
4
0 3760
2
5
2
4
0 5008
2
3
1
1
1
0 5008
2
0 18673
0 21690
1
1
2
5
0 21690
2
3
1
0 21690
2
5
2
4
0 20748
2
3
1
2
3
1
2
3
1
2
4
0 20748
0 1875
0 4582
2
4
0 23954
2
3
1
2
5
2
0 23954
2
5
1
1
0 23954
2
0 2475
1
1
2
4
0 7531
0 6520
2
5
2
4
0 15373
2
4
0 15140
1
1
2
3
1
0 15140
2
5
2
4
0 9761
2
0 4086
0 2366
2
5
2
5
2
5
2
0 11657
2
5
1
2
4
0 6400
2
0 2079
2
0 12821
2
5
1
2
4
0 12821
1
1
0 12821
2
0 15631
1
1
2
5
1
2
4
0 15631
2
3
1
1
1
2
3
1
2
5
2
0 15631
1
1
1
1
1
1
2
0 15631
1
1
2
5
0 15631
2
0 10092
2
0 17300
0 16311
2
0 17879
2
4
0 9510
2
3
1
2
5
2
0 1195
2
3
1
2
3
1
2
5
2
5
0 15117
2
4
0 9888
2
5
2
3
1
1
1
1
1
2
4
0 9888
2
3
1
2
5
2
5
2
0 9888
2
5
0 1595
2
0 21310
2
3
1
2
3
1
2
5
1
1
2
4
0 21310
2
4
0 23324
2
3
1
2
0 23324
0 8630
0 15586
2
4
0 14267
1
1
2
3
1
2
0 17298
2
4
0 571
2
5
2
4
0 3735
0 8055
0 16017
2
4
0 3706
0 7741
1
1
2
0 22896
0 18331
2
3
1
2
3
1
1
1
0 18331
2
3
1
0 18331
2
5
1
1
2
0 18331
2
0 7938
1
1
0 7938
2
4
0 20354
2
0 8827
2
4
0 1216
2
4
0 13502
2
0 22972
2
5
1
2
0 22972
2
0 18987
2
4
0 7785
2
3
1
2
4
0 9056
2
5
1
1
1
2
5
1
1
1
1
2
4
0 9056
0 12047
1
1
0 12047
2
0 8389
1
1
1
1
1
1
2
3
1
2
0 8389
0 18727
1
1
1
1
0 18727
2
4
0 21214
2
0 4272
2
0 884
2
4
0 14470
2
3
1
2
3
1
2
3
1
2
0 14470
0 10695
2
3
1
1
1
0 10695
2
4
0 12432
1
1
2
3
0 12432
2
5
2
0 4733
2
5
2
4
0 22421
2
3
1
0 22421
2
5
2
5
0 22444
1
1
1
1
2
5
2
0 22444
2
4
0 22661
2
5
2
0 7104
2
3
1
2
3
1
1
1
2
4
0 7104
2
5
2
5
2
3
2
4
0 13478
0 17841
2
3
1
2
3
1
2
4
0 17841
0 2614
2
0 18250
2
0 11497
2
4
0 23522
2
0 19151
1
1
2
5
2
3
1
2
0 19151
2
5
2
3
1
0 19151
0 73
2
4
0 7708
1
1
1
1
2
3
1
2
4
0 7708
2
4
0 987
2
4
0 13575
1
1
1
1
2
4
0 13575
0 15382
2
5
1
1
0 15382
0 18294
2
4
0 23975
2
0 3325
1
1
0 4880
0 11438
2
4
0 17963
2
5
2
3
1
2
4
0 17963
2
3
1
2
4
0 17963
2
4
0 15752
2
4
0 5944
2
0 15466
2
5
2
0 20062
1
1
2
0 20062
2
4
0 20263
2
5
2
5
2
3
1
2
3
1
2
3
1
1
1
2
0 20263
2
4
0 17053
1
1
1
1
0 17053
2
0 2822
2
5
1
1
2
3
1
0 12631
0 6831
2
3
1
0 10132
2
3
1
2
4
0 10132
2
3
1
2
4
0 10132
2
4
0 3872
0 13153
2
5
1
1
2
3
1
2
0 13153
0 23368
2
3
1
1
1
0 23368
2
4
0 7304
2
4
0 22597
0 3644
2
3
1
2
0 23061
2
4
0 1773
2
3
1
2
5
2
3
1
1
1
2
4
0 11445
2
4
0 3291
2
5
1
1
2
3
1
2
0 3291
2
3
1
0 3291
0 9327
1
1
1
1
2
3
0 9327
0 6388
1
1
2
3
2
5
2
0 6388
2
0 20642
2
5
0 3351
2
3
1
1
1
0 3351
2
0 19892
2
3
1
2
3
2
3
2
4
0 19892
0 10934
2
4
0 6057
0 13237
2
3
1
2
0 825
2
4
0 16483
1
1
2
0 16483
1
1
2
4
0 16483
1
1
2
4
0 16483
2
4
0 23354
1
1
2
0 23354
2
5
0 16620
2
0 23188
2
4
0 13913
2
3
1
1
1
2
4
0 19984
2
3
1
2
4
0 19984
2
3
1
2
0 19984
2
5
2
0 15044
1
1
0 15044
2
3
1
2
5
2
3
1
0 15044
1
1
0 15044
2
5
2
5
0 1754
2
4
0 17610
2
4
0 17379
2
0 13122
0 23718
0 4979
1
1
2
3
1
1
1
2
5
1
1
2
0 4979
2
0 22356
2
3
1
2
3
1
0 22356
1
1
2
0 22356
1
1
0 22356
2
5
2
5
2
0 4924
1
1
2
0 4924
0 2791
2
4
0 16968
2
4
0 15709
2
5
2
4
0 1410
0 2610
1
1
2
3
1
1
1
2
5
1
1
2
0 2610
2
0 18344
2
0 813
2
5
2
0 2272
2
5
1
1
2
0 19562
2
0 13169
2
5
2
3
1
0 15463
2
0 21439
2
5
1
1
2
4
0 21439
2
4
0 1222
2
4
0 22833
1
1
2
5
2
4
0 22833
0 14811
0 3509
0 12836
1
1
2
4
0 3020
2
0 14382
2
4
0 13355
2
5
2
4
0 22852
2
0 14952
0 4815
1
1
0 6562
1
1
2
4
0 22768
2
3
1
2
3
1
2
3
1
0 22768
1
1
1
1
1
1
1
1
0 22768
2
3
1
1
2
5
2
0 22768
2
3
0 1442
2
3
0 19636
0 5340
2
5
0 12707
1
1
2
5
1
1
2
0 12707
2
3
2
3
1
1
2
4
0 12707
2
4
0 22490
2
5
2
5
0 11446
2
5
2
4
0 9327
1
1
0 7169
0 8063
1
1
2
5
2
3
0 19629
2
5
2
4
0 4345
1
1
2
0 4627
2
0 13053
2
5
2
0 20774
2
5
2
5
2
5
2
3
1
0 20774
2
3
1
0 20774
2
0 7098
1
1
2
3
2
5
0 18142
1
1
0 18142
2
4
0 1560
2
5
1
1
2
3
1
1
1
2
5
1
0 1560
1
0 1560
1
2
0 1560
1
2
5
2
3
2
3
1
0 1560
2
0 23734
2
0 4143
2
0 11962
2
4
0 20423
2
4
0 6774
0 20959
2
0 5100
1
1
2
5
1
1
2
4
0 14840
1
1
2
3
2
4
0 14840
0 2770
2
3
2
3
2
5
2
4
0 339
0 12500
0 19332
0 1483
2
5
0 5291
2
0 10132
2
4
0 16228
2
4
0 15746
2
0 18907
2
4
0 4354
0 9776
2
4
0 20568
0 23496
0 7577
2
3
1
2
4
0 9247
2
4
0 17057
2
4
0 10259
1
1
2
5
1
0 10162
2
4
0 1288
1
1
2
3
1
1
1
2
0 22837
1
1
2
3
1
2
0 22837
2
5
2
5
1
1
2
4
0 22837
2
3
1
2
3
1
2
0 22837
2
4
0 13265
2
4
0 18780
2
4
0 8026
2
3
1
1
1
0 13336
2
0 4967
2
0 2759
2
0 9406
2
5
2
4
0 11552
2
3
1
2
3
1
0 11552
2
4
0 13764
2
5
1
2
0 13764
0 22145
2
4
0 19209
2
4
0 6825
0 16737
2
0 7720
2
4
0 22613
2
5
1
2
4
0 22613
0 812
2
3
1
0 2129
2
0 15109
2
0 13247
2
5
1
2
3
1
2
0 3821
2
5
1
1
1
2
0 8165
2
3
1
2
0 6209
0 23520
0 16121
2
3
1
2
0 19630
2
3
1
2
5
1
0 19630
2
4
0 15469
2
3
1
0 18726
2
3
1
2
3
1
2
0 18726
2
5
1
2
3
1
1
1
2
4
0 18726
2
0 11825
1
1
2
4
0 11825
2
3
1
0 11825
1
1
2
5
1
0 11825
2
5
1
2
5
1
1
1
2
4
0 11825
2
4
0 14229
2
0 11663
2
5
1
2
0 8322
0 10753
2
5
1
0 12169
1
1
1
1
2
3
1
2
4
0 12169
2
5
2
4
0 21314
2
4
0 20388
1
1
2
4
0 20388
2
4
0 11049
0 21584
2
5
1
2
3
1
1
1
1
1
2
0 21584
2
0 4018
2
4
0 2157
2
0 3896
1
1
2
5
1
1
2
0 22249
2
4
0 21154
2
5
2
4
0 12662
2
3
1
1
1
2
3
1
2
0 12662
2
4
0 2237
2
4
0 21271
2
5
0 19601
2
4
0 13020
2
4
0 3810
1
1
2
0 19057
2
0 845
2
0 15012
2
4
0 12025
2
5
1
2
5
1
2
3
1
1
1
2
0 12025
1
1
2
0 12025
2
0 2610
2
3
1
2
3
1
2
4
0 12660
1
1
2
5
0 12660
0 21928
2
5
2
5
2
5
1
1
0 21928
0 5843
2
3
1
2
0 6954
2
3
1
1
1
2
3
1
2
3
1
2
4
0 6954
2
5
2
3
1
0 6954
1
1
2
4
0 6954
1
1
2
4
0 6954
2
5
1
1
0 6954
2
3
1
1
1
2
3
2
0 6954
2
5
2
4
0 12319
2
5
2
0 19264
2
5
0 14203
1
1
0 14203
0 7502
2
4
0 20915
2
0 12085
2
5
2
3
1
2
3
1
2
0 2520
2
4
0 15647
2
4
0 13746
0 3082
0 15278
2
3
1
0 22175
2
4
0 13856
0 15892
1
1
0 15892
2
5
2
0 12315
0 17292
2
4
0 13153
1
1
0 8542
2
5
0 457
2
5
1
1
1
2
4
0 4184
2
5
1
1
2
0 18542
2
0 10354
2
4
0 16690
2
5
2
0 9628
0 22823
2
3
1
2
0 22823
1
1
2
3
1
0 22823
2
5
1
1
2
4
0 22823
2
0 3811
1
1
2
3
1
0 110
0 19423
0 3007
2
3
1
0 14733
2
5
1
1
0 14733
2
5
0 824
0 20182
2
5
1
2
3
1
1
1
2
4
0 20182
1
1
2
4
0 20182
1
1
2
4
0 20182
0 7524
2
4
0 16272
1
1
1
1
0 16272
1
1
2
3
1
2
3
1
2
0 16272
2
4
0 17292
2
0 20293
2
0 7384
2
4
0 9994
0 16768
1
1
0 2344
2
0 16353
2
5
2
5
1
1
2
0 16353
0 4341
0 15969
2
5
2
5
0 15103
2
3
1
0 14473
1
1
1
1
0 14473
2
0 11381
2
5
2
3
1
0 10159
1
1
1
1
2
4
0 10159
2
4
0 13603
2
4
0 18369
2
5
2
5
2
3
1
2
5
2
3
1
2
0 18369
2
5
2
0 19249
2
3
1
2
5
1
1
2
0 19249
1
1
2
0 19249
2
0 5247
2
4
0 4885
2
4
0 12047
2
5
2
0 15992
2
3
1
2
3
1
0 15992
0 2127
2
5
2
0 10187
2
0 19343
2
5
2
5
2
0 13189
2
3
1
1
1
2
3
1
2
0 13189
2
5
2
4
0 24058
2
3
1
1
1
0 24058
2
4
0 20385
2
4
0 8421
2
0 6694
2
4
0 17542
2
3
1
1
1
1
1
2
3
1
2
5
1
1
1
1
2
5
1
1
2
0 17542
2
3
2
5
2
3
1
1
2
3
2
3
2
5
2
5
2
4
0 17542
2
0 13917
2
5
1
1
1
1
1
2
5
0 13917
2
4
0 7030
2
0 1642
0 23650
0 17723
1
1
2
5
2
5
0 17723
2
4
0 5840
2
3
2
4
0 7748
2
0 7636
2
0 13645
2
4
0 15952
2
5
2
0 2420
2
0 20731
0 23000
1
1
2
0 23000
2
0 5510
0 806
0 2768
2
4
0 13399
0 5692
0 12516
2
3
1
2
3
1
2
0 2532
0 8434
2
3
1
2
0 23708
2
3
1
2
0 23708
2
0 8917
2
5
1
0 440
2
4
0 24062
2
3
1
2
5
1
2
0 24062
2
0 6417
2
5
1
2
0 15953
2
0 8241
2
3
1
2
3
1
2
5
1
1
1
1
1
0 8241
2
5
0 22763
2
4
0 7306
2
4
0 2054
0 6310
2
3
1
2
5
1
2
5
2
5
2
5
2
5
1
1
1
1
2
0 34
2
4
0 20790
2
0 23282
2
4
0 22301
2
4
0 2507
2
4
0 19562
2
4
0 6515
2
5
1
1
1
1
1
2
4
0 6515
2
4
0 360
2
0 17850
2
3
1
0 17850
0 17491
2
0 6580
1
1
0 20091
2
0 16360
2
3
1
2
5
1
2
3
1
2
5
1
1
1
1
1
1
2
3
1
2
0 16360
2
0 15426
1
1
0 15426
1
1
2
0 15426
2
0 8467
2
4
0 13987
0 11670
2
0 17062
2
0 22485
1
1
2
0 22485
2
0 23275
1
1
2
4
0 23275
2
3
1
0 23275
2
3
1
0 23275
1
1
1
1
2
3
1
2
3
1
2
4
0 23275
1
1
2
0 23275
1
1
0 23275
2
3
0 5804
2
5
2
3
1
2
3
2
3
2
0 2945
1
1
2
3
2
4
0 2945
2
5
2
4
0 7097
2
5
2
3
1
2
4
0 7097
2
4
0 8313
2
4
0 8227
2
5
0 11251
2
0 16145
2
3
1
1
1
0 16145
0 2450
0 9211
2
3
1
2
5
0 5533
2
0 21398
2
4
0 18550
2
5
2
0 2319
2
5
2
3
1
0 11916
1
1
1
1
2
0 11916
1
1
2
4
0 11916
2
4
0 4392
1
1
1
1
2
5
2
3
1
2
0 4392
2
4
0 15092
0 19820
2
0 2934
0 21639
1
1
2
5
0 21639
0 16475
1
1
2
3
1
2
3
1
2
0 16475
2
4
0 10263
1
1
0 10263
0 23231
2
0 20423
2
3
1
2
0 10143
2
5
2
0 606
2
5
2
4
0 9494
1
1
1
1
1
1
2
5
2
4
0 9494
1
1
2
4
0 9494
2
4
0 296
1
1
2
0 8253
2
5
2
0 2799
2
4
0 13726
0 14158
0 4885
2
0 18168
2
0 6387
2
3
1
2
5
2
4
0 2943
2
3
1
2
5
0 240
0 9521
0 23282
2
4
0 11332
2
3
1
0 1659
1
1
2
3
1
2
4
0 12871
2
3
1
1
1
2
3
1
2
5
2
5
2
3
1
1
1
2
3
2
5
2
4
0 12871
0 3850
0 6031
2
4
0 18921
0 15544
2
4
0 16883
2
3
1
0 21291
1
1
2
5
2
0 21291
2
5
1
1
2
0 21291
2
5
2
3
1
0 21291
1
1
2
4
0 21291
2
5
2
5
2
3
1
2
5
2
0 21291
2
3
1
1
1
2
5
2
3
0 21291
0 2566
2
0 20048
2
5
0 2159
1
1
0 22865
1
1
2
0 22865
2
5
2
4
0 15017
0 19900
2
4
0 7437
2
0 5409
0 23356
2
5
2
3
1
2
0 23356
2
3
1
2
4
0 23356
2
0 14115
0 13846
1
1
0 2486
0 3349
2
4
0 10591
1
1
2
3
1
1
1
0 10591
1
1
1
1
2
0 10591
2
4
0 15263
2
5
2
5
2
0 22724
2
5
2
4
0 14710
2
0 14385
2
0 21716
0 21066
2
4
0 1263
2
0 14552
2
0 8608
2
4
0 6524
0 19645
2
4
0 7484
2
4
0 3177
2
0 10202
2
4
0 16782
0 11183
2
3
1
1
1
2
3
1
2
0 11434
2
4
0 19496
2
3
1
2
0 19496
2
0 12738
2
5
1
2
0 2100
2
3
1
2
4
0 11561
2
3
1
2
4
0 23350
2
4
0 9888
2
0 5
2
3
1
2
4
0 11220
0 1032
2
0 13661
2
3
1
2
0 19501
2
4
0 17488
1
1
0 17488
0 12337
2
4
0 11836
0 20648
2
0 11743
2
3
1
2
3
1
2
4
0 21932
2
4
0 14918
2
5
1
2
5
1
1
1
1
1
2
3
1
0 14918
2
0 19137
2
0 7752
2
0 12644
2
5
1
2
4
0 4437
2
0 15112
0 23973
2
0 22286
2
0 15434
2
0 12862
0 6568
0 22759
0 15776
2
4
0 3909
2
5
1
0 8751
2
0 2589
1
1
1
1
2
4
0 18346
2
5
1
2
3
1
2
5
1
1
1
2
0 18346
1
1
2
0 18346
0 14237
2
0 19267
1
1
1
1
2
3
1
0 19267
0 335
2
4
0 5671
2
3
1
0 11303
0 2173
2
0 5476
2
5
1
1
1
2
0 14368
2
5
1
2
4
0 14368
2
5
1
1
1
2
5
1
2
3
1
2
0 14368
0 5716
0 11581
1
1
2
0 11581
2
5
1
0 11581
1
1
2
5
1
2
0 11581
2
5
1
2
3
1
2
5
1
2
0 11581
2
3
1
2
4
0 11581
1
1
0 11581
1
1
2
4
0 11581
2
5
1
2
0 11581
1
1
1
1
0 11581
0 12395
0 6118
2
3
1
0 13695
1
1
0 13695
0 9684
2
4
0 2251
2
5
1
2
5
1
0 2526
2
0 15895
2
5
1
2
5
1
2
5
1
0 15895
1
1
2
4
0 15895
2
5
1
2
0 15895
2
0 19443
1
1
2
3
1
2
0 19443
2
0 20405
2
3
1
0 20405
2
0 6010
2
5
1
2
0 23879
2
4
0 21034
2
3
1
0 4608
2
5
1
1
1
2
4
0 3719
2
0 11484
2
3
1
0 11484
0 11636
2
0 8223
0 20650
1
1
2
0 20650
2
5
1
2
5
1
2
5
1
1
1
2
5
1
2
5
2
0 20650
1
1
2
5
2
5
2
4
0 20650
0 19062
2
5
1
2
5
2
0 14195
0 23385
2
4
0 7636
2
3
1
2
4
0 14380
2
0 3285
2
4
0 7882
1
1
2
3
1
0 19812
1
1
0 19812
2
4
0 10711
2
3
1
0 17736
2
3
1
2
0 17736
0 13964
2
0 10565
2
5
1
2
4
0 21088
2
4
0 9262
2
3
1
2
3
1
2
5
1
2
4
0 1397
1
1
2
4
0 1265
2
3
1
2
5
1
2
5
1
2
4
0 20881
2
5
1
2
5
2
4
0 20881
1
1
2
5
2
0 20881
2
3
1
0 20881
2
0 1665
1
1
2
0 765
0 13993
0 19686
2
3
1
0 19686
2
5
1
0 19686
2
4
0 20490
2
5
1
2
4
0 20490
2
3
1
2
0 20490
2
0 13459
1
1
2
5
1
2
5
1
2
0 13459
2
4
0 13014
2
4
0 3068
2
5
1
0 3121
2
4
0 1315
0 14493
2
4
0 13626
0 2295
1
1
2
3
1
2
3
1
0 22221
2
4
0 15023
2
5
1
0 8675
2
3
1
2
5
1
2
0 8675
2
5
1
1
1
1
1
1
1
1
1
2
3
1
1
1
2
5
2
0 8675
2
5
0 11776
2
3
1
2
3
1
1
1
2
0 11776
2
0 12604
2
0 1022
2
0 19782
2
4
0 16095
2
0 1287
2
5
2
5
1
1
2
5
2
3
1
0 2472
2
3
1
2
0 17077
0 19407
2
4
0 13462
2
5
2
3
1
2
5
1
1
1
1
0 13462
2
4
0 20944
1
1
1
1
2
5
0 20944
0 19218
2
4
0 15045
1
1
2
4
0 17861
2
5
1
1
2
5
2
5
2
3
0 17861
2
0 16365
2
0 21790
2
5
2
3
1
2
3
1
0 21790
1
1
2
5
1
1
2
5
2
3
1
2
0 21790
2
3
0 14334
2
3
0 7661
1
1
0 8460
2
5
2
4
0 17543
2
4
0 6085
1
1
0 22149
1
1
2
5
2
4
0 22149
2
3
1
1
2
0 22149
2
5
1
0 22149
2
5
0 7898
1
1
2
5
2
5
0 7898
2
3
0 15186
2
3
2
3
2
5
2
0 504
2
0 17010
2
3
1
1
2
4
0 17010
1
1
2
0 17010
2
0 23332
2
4
0 10758
1
1
2
3
1
1
0 10758
2
3
2
3
2
4
0 19301
2
5
2
3
2
3
2
0 13034
2
5
0 6510
2
4
0 2182
2
0 9424
2
3
1
2
4
0 18308
0 24079
2
0 5618
1
1
2
3
1
0 23744
2
4
0 1597
2
5
1
1
1
1
2
3
0 16960
2
5
2
4
0 2457
2
5
2
0 22482
0 15912
2
0 15834
1
1
2
3
1
1
1
1
1
2
3
1
2
3
2
4
0 15834
2
0 1520
2
0 10230
2
0 8337
1
1
2
3
2
3
2
5
1
1
2
0 8337
1
2
3
0 8337
2
5
2
4
0 4961
1
1
2
0 4961
2
4
0 11893
1
1
2
0 11893
2
5
2
4
0 21220
2
0 9229
2
4
0 20756
2
3
2
0 14035
0 19104
2
5
2
4
0 7830
2
0 2325
0 6969
2
5
0 22491
2
3
1
2
3
1
2
3
1
2
3
1
2
0 22491
2
5
2
0 5322
2
0 18476
2
5
2
5
2
4
0 19525
2
5
1
1
2
4
0 19525
2
0 10231
1
1
2
5
2
4
0 16050
2
5
2
4
0 3250
2
4
0 16096
2
4
0 17962
2
5
1
1
2
0 17962
2
5
2
5
1
1
1
1
2
0 17962
2
3
1
1
1
2
3
1
2
0 17962
2
4
0 7109
1
1
1
1
0 7109
2
5
0 7099
2
4
0 19502
2
3
1
2
3
1
1
2
0 19502
2
0 10164
2
4
0 2299
1
1
0 8575
2
5
2
4
0 5535
0 14945
1
1
2
5
2
0 14945
2
0 10625
0 18910
0 2101
2
0 23372
2
0 23704
1
1
2
5
2
3
1
2
4
0 23704
2
5
0 20403
2
3
1
0 5236
2
0 22812
1
1
2
4
0 22812
0 9485
1
1
1
1
2
0 9485
2
4
0 10998
0 3011
0 19284
2
5
1
1
2
3
1
2
0 19284
2
0 7196
2
3
1
2
4
0 11794
2
4
0 14518
0 5295
2
3
1
2
0 10603
1
1
2
5
2
0 10603
1
1
1
1
2
0 10603
2
3
1
2
0 10603
0 20889
0 18424
2
5
1
1
1
1
0 18424
2
4
0 988
2
0 23602
0 11240
2
5
2
4
0 5912
0 8141
2
5
2
4
0 10056
2
4
0 477
2
5
2
5
0 10689
0 437
2
4
0 46
0 3954
2
0 17212
2
3
1
0 10074
0 5903
0 21875
2
5
1
1
1
1
1
2
5
1
0 21875
0 9929
2
3
1
1
1
2
0 9929
0 22444
2
4
0 18263
2
3
1
2
0 20279
1
1
2
0 20279
2
4
0 17679
2
3
1
2
5
1
1
1
2
4
0 17679
1
1
2
0 17679
2
5
0 10038
2
4
0 14984
2
5
2
3
1
2
0 5540
2
0 21189
0 19649
0 3541
2
4
0 20829
2
3
1
1
1
2
3
1
0 20829
1
1
2
4
0 20829
2
4
0 21321
0 8863
1
1
2
5
2
5
2
5
2
4
0 6754
2
3
1
0 15962
2
0 22723
0 24178
2
5
1
2
3
1
1
1
2
3
1
0 24178
0 7343
2
5
2
3
1
2
5
0 6539
2
0 9198
2
5
1
2
3
1
2
4
0 9198
2
3
1
2
0 9198
2
4
0 20785
1
1
2
4
0 20785
2
4
0 20723
1
1
1
1
2
4
0 20723
2
3
1
2
0 20723
2
0 10940
1
1
1
1
2
4
0 10940
0 10850
0 21697
2
5
2
0 1250
0 8354
2
4
0 18515
2
0 19372
2
0 9515
2
3
1
2
3
1
2
5
1
2
5
1
1
2
5
1
1
2
4
0 9515
2
0 6534
2
4
0 14856
2
5
0 21421
2
3
1
1
1
2
3
1
2
4
0 21421
2
0 20235
2
3
1
2
0 9593
2
0 15844
2
0 19455
2
4
0 11080
1
1
2
5
1
1
2
5
2
3
1
1
1
2
3
1
1
1
2
0 11080
0 15333
1
1
2
0 15333
2
5
2
4
0 23893
1
1
2
4
0 23893
2
4
0 2646
2
0 12427
1
1
1
1
2
3
2
3
2
4
0 12427
1
1
2
0 12427
2
3
2
5
1
1
2
4
0 12427
1
1
0 12427
2
4
0 18535
1
1
0 18535
2
5
2
3
0 16073
2
0 715
2
4
0 17273
2
4
0 23663
2
5
2
4
0 2123
2
4
0 12734
2
3
1
0 23316
1
1
2
4
0 23316
2
3
1
1
1
2
0 23316
2
0 15751
1
1
0 15751
2
3
1
2
4
0 15751
2
4
0 9223
2
0 16181
2
5
0 20544
2
0 5765
1
1
2
4
0 23113
2
0 24092
2
5
0 9868
2
3
1
2
5
0 1464
2
0 6498
0 5476
0 36
2
5
2
3
1
2
0 12134
0 13337
2
5
0 5917
2
3
1
2
4
0 19202
1
1
2
5
1
1
1
1
1
1
0 19202
2
5
1
1
1
1
2
5
0 19202
2
4
0 4818
2
0 4701
0 10194
0 8310
2
3
1
2
0 23525
1
1
2
0 23525
0 14720
2
5
2
4
0 21849
2
3
1
2
5
2
0 6840
2
5
1
1
2
4
0 6039
2
5
2
0 20643
2
4
0 1074
2
4
0 9510
2
4
0 21668
0 8248
2
4
0 10147
2
3
1
1
1
2
4
0 10147
2
4
0 7998
2
3
1
2
0 6411
2
0 1216
2
0 17545
0 15354
0 6064
2
3
1
1
1
2
0 3947
2
4
0 12652
0 22921
2
4
0 13043
2
4
0 21131
1
1
2
0 21131
1
1
2
5
1
2
0 21131
2
3
1
1
1
1
1
2
0 21131
2
5
0 8956
2
0 1154
0 22734
2
5
1
2
5
1
2
3
1
2
3
1
0 22734
1
1
1
1
2
3
1
2
5
2
5
0 22734
2
0 18970
1
1
2
5
2
3
1
2
4
0 18970
2
4
0 11787
2
3
1
0 6582
0 9190
1
1
2
3
1
2
4
0 9190
0 6138
2
4
0 15897
2
5
2
0 17973
1
1
0 17973
2
5
2
5
1
1
0 17973
2
5
0 5730
2
3
1
0 23518
2
4
0 6973
2
3
1
2
3
1
1
1
2
4
0 6973
1
1
0 6973
1
1
2
4
0 6973
2
5
2
3
1
0 6973
1
1
2
5
2
3
2
4
0 6973
2
4
0 20643
2
0 8605
1
1
2
5
2
5
2
4
0 8605
2
4
0 19037
1
1
2
0 19037
2
3
1
2
3
1
2
3
2
3
2
4
0 19037
1
1
2
4
0 19037
1
1
2
5
2
5
0 19037
2
4
0 18703
2
5
2
0 9828
2
4
0 14119
2
5
2
5
2
4
0 758
2
0 13141
1
1
0 23961
0 14360
2
4
0 1598
1
1
0 12457
2
4
0 12514
2
5
0 7732
1
1
2
4
0 8773
2
3
1
2
0 15293
2
3
1
2
0 15293
2
0 21016
2
4
0 14342
0 1619
2
4
0 2801
2
5
1
1
0 7934
0 15744
1
1
2
4
0 15744
1
1
1
1
1
1
0 15744
2
5
1
1
2
5
2
0 15744
2
4
0 6832
2
4
0 19198
2
5
2
3
1
1
1
2
4
0 19198
2
0 13072
2
3
1
2
3
1
0 13072
0 19276
0 2154
2
0 2990
2
0 23163
2
0 15025
1
1
2
0 13123
1
1
2
3
1
2
4
0 13123
1
1
0 13123
2
5
0 13346
1
1
1
1
2
5
1
1
1
1
0 13346
2
0 15873
2
0 5271
0 366
1
1
1
1
2
0 366
2
5
2
4
0 7141
2
4
0 11808
1
1
1
2
4
0 11808
2
3
2
0 14987
2
5
2
0 20380
1
1
2
3
2
4
0 20380
2
3
2
0 7697
2
4
0 9300
2
0 7650
2
5
2
5
2
5
2
4
0 22885
2
4
0 3058
1
1
1
1
0 15089
0 19805
0 18129
2
3
1
2
4
0 3357
1
1
2
3
2
5
0 1168
2
4
0 12435
0 1295
0 14261
2
3
1
2
3
1
2
4
0 14261
1
1
2
4
0 14261
2
0 16455
2
0 2277
2
4
0 16822
2
0 4128
2
0 21207
0 18220
2
5
0 611
2
0 11732
2
3
1
2
3
1
1
1
2
4
0 20505
2
3
1
2
3
1
1
1
2
0 20505
0 14364
1
1
0 14364
1
1
2
5
1
1
2
3
1
1
2
4
0 14364
2
5
2
5
2
3
1
1
2
5
1
2
0 14364
1
2
0 14364
0 20881
2
0 14320
1
1
2
3
2
3
2
3
2
5
2
5
1
2
0 14320
2
5
2
4
0 536
1
1
0 536
2
3
0 10379
0 15609
2
0 8536
0 9678
1
1
0 20440
2
3
2
4
0 14831
2
5
2
5
2
4
0 23180
2
5
1
1
0 23180
1
1
2
0 23180
0 4877
2
3
1
2
0 3944
1
1
2
3
2
3
2
0 18457
2
4
0 11476
2
0 22621
2
5
2
3
1
1
1
2
4
0 22621
2
5
1
1
1
1
2
3
0 22621
2
5
2
3
2
3
2
3
0 17120
2
0 5248
0 21123
1
1
1
1
2
5
2
4
0 21123
0 14432
2
3
2
4
0 9199
2
3
2
3
1
1
1
2
3
2
4
0 9199
0 13101
2
4
0 9629
2
5
2
5
2
5
2
3
2
4
0 19518
1
1
1
1
1
1
2
3
2
4
0 19518
2
3
2
5
0 15168
1
2
4
0 17238
0 948
2
5
0 14867
0 10174
0 4762
2
4
0 14025
2
4
0 19682
0 13673
2
5
1
1
1
1
1
1
2
5
2
0 13673
1
1
2
3
2
3
2
4
0 13673
0 13642
0 8618
0 3622
0 20213
2
0 17056
2
0 4771
2
4
0 11974
2
4
0 2233
0 10104
2
5
2
5
2
0 7946
1
1
0 9725
0 3911
2
5
0 6763
2
0 11712
2
4
0 10084
2
0 7404
2
0 17100
2
0 19478
0 17747
0 22239
2
5
1
2
4
0 22239
2
3
1
0 22239
2
5
1
2
3
1
0 22239
0 21600
0 8854
2
3
1
1
1
2
0 5329
2
4
0 19311
2
4
0 10430
1
1
1
1
1
1
0 13382
2
0 496
0 17735
2
4
0 3770
2
0 678
1
1
2
3
1
1
1
2
4
0 16164
2
3
1
2
0 16164
2
5
1
1
1
0 16164
0 16693
0 1152
2
0 13949
0 16171
2
4
0 15463
1
1
1
1
2
0 15463
0 23437
0 20664
2
5
1
2
4
0 4171
0 21717
2
0 19938
2
5
1
2
5
1
0 1628
1
1
2
4
0 20963
2
5
1
0 20963
2
5
1
2
3
1
2
4
0 20963
2
0 18895
2
5
1
1
1
2
5
1
1
2
4
0 18895
0 19959
2
0 13187
2
5
1
2
3
1
1
1
2
3
1
2
3
1
2
0 13187
1
1
2
4
0 13187
1
1
2
4
0 13187
2
4
0 19055
2
3
1
2
3
1
1
1
2
5
0 19055
0 4282
2
5
2
4
0 12605
2
3
1
0 10953
2
5
1
1
2
4
0 10953
2
3
1
2
4
0 10953
2
5
2
5
2
5
1
1
2
4
0 10953
0 13126
2
0 16394
2
3
1
2
0 16394
0 4929
2
3
1
2
3
1
2
5
2
5
2
3
1
1
1
2
4
0 4929
2
3
1
2
0 4929
2
0 2436
2
4
0 13631
2
5
2
4
0 8550
2
0 19034
1
1
2
3
1
2
3
1
2
0 19034
2
0 7233
2
4
0 23948
2
4
0 20203
2
3
1
2
0 2895
1
1
1
1
2
3
1
2
4
0 2895
0 8238
2
3
1
2
3
1
0 8238
2
0 7641
1
1
2
5
2
5
2
4
0 7641
1
1
0 7641
2
0 18028
2
3
1
2
4
0 18028
2
5
2
5
0 8765
0 2310
2
0 12413
2
0 3732
2
0 5974
2
4
0 11209
2
0 13816
2
0 10888
1
1
2
3
1
2
5
0 14189
2
0 17857
2
3
1
2
3
1
2
5
2
3
1
2
0 17857
2
4
0 15057
2
4
0 6192
2
4
0 7868
2
0 653
2
4
0 304
2
3
1
2
3
1
2
5
1
1
2
5
2
0 7124
2
4
0 18878
2
3
1
2
5
2
3
1
2
0 18878
2
4
0 3298
1
1
2
4
0 20056
2
5
0 13132
2
4
0 479
2
3
1
2
5
0 13058
2
0 8337
2
0 7748
1
1
0 10563
2
3
1
2
3
1
2
5
2
5
2
0 10563
0 13892
2
5
1
2
4
0 13892
2
4
0 15079
2
0 23224
2
0 8898
2
0 16380
0 3418
2
4
0 20018
2
3
1
2
5
1
2
0 20018
2
4
0 9494
2
4
0 21652
0 16805
0 21118
2
5
1
2
4
0 20653
2
3
1
2
4
0 4290
2
0 21394
1
1
2
5
1
2
5
1
2
5
1
2
3
1
2
5
1
0 21394
2
0 6752
2
4
0 1408
1
1
2
0 21860
1
1
0 21860
2
5
1
2
3
1
0 21860
2
4
0 15143
2
4
0 20631
2
5
1
2
4
0 12820
1
1
1
1
2
5
1
2
4
0 12820
2
0 8116
2
3
1
2
0 12063
2
0 722
2
5
1
2
5
1
2
4
0 20872
2
4
0 15315
2
4
0 6861
0 23530
0 23992
2
3
1
2
4
0 23992
2
4
0 20427
2
0 14476
2
0 4607
2
4
0 6790
2
3
1
2
0 21121
2
3
1
2
3
1
2
0 21121
2
5
1
2
5
1
1
1
2
4
0 21121
2
3
1
2
0 21121
2
5
1
2
4
0 21121
2
3
1
0 21121
2
4
0 15430
2
0 10832
2
0 8230
2
4
0 7014
2
4
0 3506
2
5
1
2
0 15800
2
0 14133
2
5
1
0 9816
0 9558
1
1
0 23411
2
5
1
1
1
2
0 23411
2
3
1
2
4
0 23411
2
0 14943
2
3
1
0 17124
2
0 11258
2
5
1
2
5
1
2
3
1
0 11258
0 1740
1
1
2
5
1
2
3
1
2
5
1
2
3
1
1
1
2
4
0 2441
2
0 1294
2
4
0 11891
2
4
0 363
2
3
1
1
1
2
3
1
2
4
0 13474
2
5
1
2
4
0 13474
2
4
0 86
2
5
1
2
4
0 14833
2
3
1
1
1
2
3
1
2
3
1
2
3
1
2
0 14833
2
0 19385
2
3
1
1
1
2
0 19385
1
1
0 19385
2
4
0 18855
2
5
2
0 953
1
1
1
1
2
0 11951
2
3
1
1
1
2
3
1
0 11951
1
1
2
3
1
0 11951
2
0 22098
2
4
0 219
2
5
2
0 11275
0 2002
2
5
2
3
1
2
0 18685
2
3
1
2
0 18685
2
4
0 18177
1
1
0 18177
1
1
0 18177
1
1
1
1
2
0 18177
2
4
0 1144
2
3
1
2
0 21415
2
3
1
0 21415
2
3
1
0 21415
0 5344
1
1
0 5344
1
1
2
0 5344
1
1
2
5
0 5344
1
1
1
1
0 5344
2
0 10752
2
3
2
3
2
4
0 17763
2
5
2
3
1
2
3
2
0 17763
2
5
2
3
1
0 17763
0 4696
2
4
0 18229
2
0 1256
2
3
1
2
0 18059
2
5
2
3
1
2
5
2
3
1
2
5
1
1
2
3
1
1
2
3
2
5
2
0 18059
2
0 17068
0 12687
2
3
1
2
5
2
0 19817
0 16228
2
5
2
3
1
2
0 18015
2
0 23460
2
5
2
4
0 13429
2
0 4198
1
1
2
0 13425
1
1
2
3
1
2
4
0 20910
2
3
1
2
3
1
2
0 20910
1
1
1
1
2
4
0 20910
2
4
0 6823
2
5
2
0 22231
2
0 2345
2
0 4924
1
1
2
5
1
1
2
0 4924
2
5
1
1
2
0 4924
2
4
0 6153
2
5
2
4
0 5464
2
4
0 3012
2
4
0 21903
2
5
1
1
2
3
2
4
0 21903
0 742
2
5
1
1
2
0 16774
2
5
2
0 15260
2
4
0 22418
1
1
2
3
1
2
0 22418
2
3
1
2
5
2
0 22418
2
4
0 11207
0 9892
2
0 7433
2
4
0 19497
2
4
0 9849
2
4
0 18670
1
1
2
0 22983
2
3
1
2
5
0 22983
0 3417
1
1
2
3
1
2
5
2
0 8847
2
3
1
2
0 16747
2
0 5127
2
3
1
2
0 507
1
1
2
0 5798
2
5
0 7542
0 9300
0 14436
2
0 5766
2
5
2
5
2
4
0 20180
2
3
1
2
4
0 20180
2
5
1
1
1
1
2
4
0 20180
1
1
0 20180
1
1
0 20180
2
0 2759
2
5
0 11052
0 22677
1
1
2
3
1
2
4
0 22677
2
5
0 20305
2
3
1
2
5
2
4
0 7622
0 22020
2
5
1
1
1
1
2
5
2
5
2
0 22020
2
5
2
4
0 17616
0 21946
2
0 16542
0 4383
2
0 22074
2
4
0 11809
2
5
1
0 7828
2
3
1
2
5
2
4
0 2057
1
1
2
0 15036
2
0 7030
2
5
1
0 3400
2
5
1
2
5
0 22746
2
4
0 14842
2
5
1
0 20403
2
4
0 21509
2
5
1
2
4
0 21509
2
5
1
2
3
1
2
0 21509
2
0 17983
2
4
0 19700
0 8316
2
5
1
2
5
1
2
5
1
0 12909
1
1
0 12909
2
0 9899
2
3
1
2
0 12468
2
3
1
0 12468
2
3
1
1
1
1
1
0 12468
1
1
2
3
1
2
4
0 12468
2
3
1
2
3
1
0 12468
2
0 10215
1
1
0 10215
2
0 14709
2
5
2
4
0 4001
0 10820
1
1
2
4
0 10820
1
1
2
4
0 10820
0 804
2
4
0 2043
2
4
0 2169
1
1
2
5
2
5
2
4
0 22543
2
5
2
4
0 20088
2
0 11644
2
5
1
0 10254
2
3
1
2
0 22258
2
5
1
2
5
1
1
2
4
0 22258
1
1
2
4
0 22258
1
1
2
3
1
1
1
2
5
2
5
2
5
2
3
1
2
0 22258
2
0 21683
2
5
2
0 21020
0 4612
2
4
0 14452
2
4
0 20891
0 19825
2
3
1
2
4
0 8986
0 7540
2
5
2
4
0 9572
2
5
1
0 17639
1
1
2
5
2
0 18652
2
0 4990
0 21249
0 18607
2
5
1
0 11599
0 1423
1
1
2
5
1
2
4
0 9905
2
5
1
1
1
2
5
0 11042
2
0 7625
1
1
2
3
1
2
4
0 5992
2
5
0 23365
1
1
1
1
2
0 23365
0 10820
2
0 3433
1
1
0 16771
2
5
1
1
2
4
0 16771
1
1
1
1
2
3
1
2
4
0 16771
2
3
1
2
3
1
2
5
2
0 16771
2
5
2
0 14524
2
3
1
1
1
2
3
2
5
2
0 14524
1
1
0 14524
2
3
1
1
0 14524
2
5
2
4
0 11014
2
3
2
3
2
5
2
3
1
1
1
1
2
0 11014
1
1
2
5
2
4
0 11014
0 23447
1
2