0 2560
0 554
0 4106
0 2615
0 3915
0 1990
2
4
0 3976
2
5
0 21
2
4
0 1352
1
1
2
4
0 3985
2
4
0 43
2
4
0 3578
2
3
1
1
2
0 3321
2
4
0 3932
2
5
0 3472
2
5
0 2040
2
5
0 1485
2
4
0 2265
2
5
0 1361
2
3
1
1
1
2
3
1
2
4
0 2699
2
4
0 2587
1
1
2
0 4064
2
5
0 916
2
4
0 1838
1
1
2
5
0 2408
2
3
1
2
3
1
2
5
0 2408
2
4
0 3373
1
1
1
1
2
3
2
0 3373
1
1
2
4
0 3373
0 1040
1
1
2
3
0 3043
2
0 1961
2
3
0 3961
2
5
0 198
2
3
1
0 1358
2
5
0 301
2
0 1674
1
1
2
4
0 5
2
0 1339
2
5
0 884
2
0 3312
2
0 537
2
4
0 3400
2
3
1
0 3400
2
4
0 1979
2
3
1
1
1
2
5
0 1979
2
4
0 3011
1
1
2
3
1
2
4
0 3011
2
5
0 3652
2
0 244
2
3
1
2
3
1
2
0 2716
2
3
1
2
4
0 2716
2
5
0 3580
2
4
0 1000
0 4210
2
4
0 2699
0 1251
2
3
1
2
3
1
1
1
2
3
1
2
4
0 3585
2
5
0 1340
0 1850
2
4
0 3677
1
1
0 3677
0 3001
2
0 2342
2
3
1
2
3
1
2
4
0 3350
2
4
0 1004
0 3750
2
3
1
2
0 3750
2
4
0 673
2
4
0 1531
1
1
2
0 418
0 3142
2
3
1
1
1
0 3142
2
4
0 3310
2
5
1
0 3310
2
5
1
0 3310
0 2747
1
1
1
1
0 2747
1
1
2
4
0 2747
2
4
0 2911
0 2477
2
0 3462
0 87
2
5
1
0 1332
2
5
1
0 3242
2
4
0 1546
2
4
0 2178
1
1
2
3
1
2
5
1
0 2178
1
1
2
5
1
0 2178
0 2155
0 1199
2
3
1
2
0 1828
2
0 1835
2
4
0 3409
0 2846
2
0 3480
2
0 4105
2
5
1
0 4105
2
3
1
1
1
2
5
1
0 4105
2
0 1266
2
3
1
2
0 1584
2
4
0 296
1
1
0 253
2
0 2656
1
1
2
4
0 2656
2
3
1
2
4
0 2656
2
4
0 3772
1
1
0 3772
2
0 516
2
5
1
0 1530
0 3029
2
0 3679
1
1
2
0 3679
1
1
0 3679
2
4
0 4034
2
4
0 3232
2
0 329
1
1
0 1865
1
1
2
4
0 1865
2
0 3852
2
3
1
2
0 3852
2
5
1
0 3852
1
1
0 3852
2
3
1
2
3
1
2
5
1
0 3852
2
5
1
0 3852
1
1
0 3852
2
4
0 936
0 797
2
0 3058
2
3
1
2
5
1
0 3058
2
0 2546
2
0 3323
2
5
1
0 3323
0 2395
2
5
1
0 141
0 742
2
3
1
1
1
2
0 1450
2
0 2214
2
5
1
0 2214
1
1
0 2214
2
5
1
0 2214
2
3
1
2
0 2214
0 3014
2
4
0 2590
2
3
1
2
4
0 2222
2
3
1
2
5
1
0 2222
1
1
2
3
1
2
5
1
0 2222
2
0 1080
2
0 157
2
3
1
2
3
1
1
1
2
5
1
0 243
2
4
0 86
2
4
0 1971
2
4
0 3936
0 3689
0 3214
2
4
0 570
2
5
1
0 683
2
3
1
2
0 1889
1
1
2
3
1
0 1889
2
0 204
1
1
2
3
1
1
1
2
5
1
0 3634
2
0 3150
2
0 1642
2
3
1
2
0 1473
2
4
0 183
1
1
1
1
0 1176
2
5
1
0 1176
2
5
1
0 1176
2
3
1
1
1
2
3
1
2
4
0 1176
2
4
0 3311
2
0 2939
2
3
1
2
4
0 1760
1
1
2
4
0 1760
0 3968
0 1629
2
3
1
2
3
1
2
0 3935
2
4
0 3532
2
5
1
0 4008
0 938
2
3
1
1
1
2
3
1
2
5
1
0 938
2
4
0 865
2
0 2944
2
4
0 2542
0 310
2
5
1
0 4198
2
4
0 1213
2
4
0 1140
0 413
1
1
2
3
1
2
4
0 1759
2
0 3589
1
1
2
5
1
0 3589
2
5
1
0 3589
2
3
1
2
5
1
0 3589
0 2241
1
1
0 2241
1
1
2
0 2241
2
3
1
1
1
0 2241
2
3
1
0 2241
1
1
0 2241
1
1
1
1
2
5
0 2241
2
0 1754
0 3425
1
1
2
4
0 3425
0 341
2
4
0 1903
2
4
0 2156
2
4
0 106
2
3
1
1
1
2
3
1
0 2814
2
3
1
2
3
1
2
3
1
0 2814
2
3
1
2
4
0 2814
2
0 1473
0 1776
2
0 2021
1
1
2
0 2021
2
4
0 4096
2
5
1
0 4096
2
5
1
0 4096
0 2394
0 4138
2
0 3623
2
5
1
0 641
1
1
2
4
0 650
2
5
1
0 2317
2
5
1
0 2317
2
3
1
1
1
0 2317
0 3297
2
4
0 2504
2
0 1380
2
5
1
0 4195
2
4
0 1694
0 1559
2
3
1
2
3
1
0 2666
2
3
1
2
5
1
0 2666
2
3
1
1
1
1
1
2
5
0 2666
2
5
1
0 2666
2
5
1
0 2666
2
5
1
0 2666
2
4
0 380
2
3
1
2
5
1
0 2262
2
3
1
2
5
0 2262
1
1
1
1
2
0 2262
2
5
0 2737
1
1
1
1
2
0 2737
0 1862
2
5
0 540
2
3
1
2
3
1
2
5
0 1488
2
4
0 3568
2
0 2679
2
4
0 3781
2
4
0 1899
0 376
2
4
0 571
2
3
1
0 765
2
4
0 737
2
0 3106
2
4
0 478
1
1
2
3
1
2
5
1
0 3077
2
3
1
2
4
0 3077
2
3
1
2
0 3077
2
0 1737
2
5
1
0 1173
2
4
0 2240
2
5
1
0 2240
1
1
2
4
0 2240
2
4
0 3093
1
1
2
0 3093
0 1012
2
4